78.35562629608935,26.11041369424439,25.907450185745816,14.522776976611603,16.514030833166117,0.6170842329988551,0.40996214889394916,0.4099621533242017,0.2730562898506127,0.31206264587880345
72.58034108659298,47.88131348019825,622.2317583465806,19.72780272501863,32.43782733624159,0.6687272511743291,0.7556703176125719,6.47146194276305,0.4043055673000363,0.5989732551469159
1383.5548451328332,94.17688317460247,504.18837999976404,25.8562539988937,34.72809478739423,13.944498913701361,1.2794770744537318,5.384084745513678,0.5683210855169797,0.6542119829886136
827.6146814945928,126.82213325098306,394.04439883099616,46.91359399047712,63.40659293601631,8.031058543748445,1.5763520410964709,4.2277518542931,0.7623224460549268,0.9359329613863652
614.5699471808769,125.47283021694528,591.3430914538626,11.741143378650822,6.800764495800699,6.048249686679727,1.5563384993991527,6.180979974346742,0.4044409711277278,0.35423611108340697
72.41448754867587,84.4928888944877,84.90983448361786,1.2297410466114687,5.081675840972932,0.5056547129761721,0.9688105131108936,0.9688105248044367,0.1111111153856792,0.16256944447939586
71.54511869132284,83.23899124494068,142.48533059616102,12.340336566118886,-1.355427749561225e-07,0.7573740122403532,1.0452783162426695,1.6393356320852583,0.3255684163287955,0.19444444445166217
1666.9009836950324,158.43726174147145,586.071647035235,124.28423398292918,158.43726093172893,17.063213588339902,2.1533031187993035,6.396865556022978,1.794679045364269,2.153303110673168
99.4748262862991,10.108758832198907,505.7479073360434,147.2670768673618,7.601813995120176,0.21265240810799677,0.15979166991990842,5.169858224427462,1.5452292259044969,0.1334027764620798
878.1833920453882,20.618743935899566,341.7614849186769,4.9814242948783685,7.25704871029631e-07,8.769637386572393,0.28791319444987495,3.5068690191351592,0.13479166915438023,0.0833333383454916
60.54803621914661,127.04374500393605,367.96212644912356,7.626827281547471,7.626824501625399,0.6405353435116261,1.6465269838727132,4.040585240946737,0.4361805782377118,0.43618055555754875
68.5319916354414,74.9566313761208,149.35427111092014,53.817235448799096,28.909484993945703,0.7353647655074522,1.3071002027502452,2.0541595146892146,1.0850410273768243,0.7517037519270849
114.63489966989019,66.41321766165633,485.0537096265694,1.7911180739043104,1.79111807483363,0.6197936024879745,0.7931924601549093,4.9519426364617605,0.13750000000062185,0.1375000000085247
31.739244672580096,7.151060026380904,235.07229075507837,5.319997842528713,11.635781267149397,0.31650108203988536,0.241940982590092,2.5260651332659405,0.22266664461061317,0.2883821166714235
1620.4158343544304,120.20901134717575,267.7482973278884,34.482520281658665,34.721552595734835,16.41444387607059,1.593047445174947,3.0530598491982146,0.7273318074777235,0.729537761943325
153.98130405956607,893.4212755653845,645.6061643974505,435.9407354769156,18.151004845894985,0.8473119011797036,9.136460598963799,6.574630999685355,4.4289482155207915,0.2998091410757924
112.85283521269537,153.9662157532327,453.21037427442184,69.9349741862792,100.07951959618399,1.1080115338037373,1.8558718698858576,4.83728200698564,0.9982497610308235,1.3155607655295176
96.92631105640132,55.36488868127985,234.45829679028094,39.15704016522063,55.36488823614077,1.0343154471043143,0.9653285750463664,2.7546227453179766,0.7701057204586421,0.9653285691663498
1618.463761592275,141.87015532867972,336.43500418514077,46.336331639240754,93.37900486324844,16.31083016995515,1.7322149687234185,3.666463821176792,0.7216658097655786,1.2420402116832097
316.2832046744151,156.52524545548346,451.37519782688616,10.254490319929698,1.0159689908447351,2.837556291682607,1.9010128966146012,4.833478455175812,0.3759462359154865,0.2777778048458108
333.86101124423755,24.198487635561907,404.57192910435253,16.790981297782604,4.795661180618672,3.2976383804418954,0.47957986122097374,4.289919527895405,0.3999471021111921,0.2736805738275952
926.0804479025314,108.55591115618707,186.62694119991642,19.70803434126383,19.70803434650123,9.080760510874116,1.3401894509439076,2.1200843166258005,0.4405704774619224,0.44057047750035944
472.0055389336133,882.3766057756784,400.45423971348345,2.4616944760119317,9.253053175125193e-07,4.703062576712206,9.02513253115904,4.157229843686654,0.1375000015979234,0.11111111792836596
623.0094195004054,39.682301661985996,536.9737429224087,7.524006549409434,1.2475412684357656,6.2383105418871745,0.5442848972407807,5.519669958714349,0.21673611114025673,0.13888888889837256
49.300323278924665,24.435187402979373,452.15003810695737,120.59496481028765,24.12514608897687,0.45689540527852807,0.3923541711679527,4.7120740808886055,1.363033056748694,0.3885904428063915
79.28830026053399,99.50264003644,382.35081283288537,26.227829347199417,16.740751497280833,0.7464618484123487,1.2885328440598038,4.0972209528378105,0.5483832400585664,0.4508161474802941
70.65625719404728,28.62203191136564,96.70771681006573,11.490019235357337,11.490019316848377,0.613021569773399,0.5284652819066311,1.2161994728057228,0.3489548599220172,0.3489548611418281
50.78947585404303,19.453806050811863,462.1545843041875,16.86303533825119,16.898258184242025,0.30448548276632964,0.3447881944460171,4.754525133998121,0.31839930555909757,0.31839932137581206
28.564726708797362,1652.3056830615944,618.7875730264007,52.26234598712912,24.420250641941383,0.17068038970969565,16.559580954911592,6.191248381049851,0.37576514256985744,0.3042544995637164
1357.7400995304085,891.6052437614732,647.156004423779,38.70955999157933,6.428714133496795,13.66856826627937,9.32021243623248,6.853206084027833,0.6926518398102511,0.2777777802882898
84.51876531397768,95.59558373685046,432.5230430690787,38.6670869697932,21.20695017501641,0.49707037104289487,1.119151543799118,4.47095022029133,0.5247214495596167,0.36352100392576703
1218.7424358622914,41.64475878707757,374.28173160281517,9.309041398138929,22.83188172065023,12.256217263444507,0.6968252225178377,4.018401620014615,0.3516631928715984,0.5010210069482944
54.56604580456887,904.4978374027345,558.9147845550842,-4.785583734845389e-10,2.456807137802125,0.6883302677393229,9.448909527772372,5.958171556474424,0.30416666676511506,0.3305555704006755
73.35610333786093,39.43064761463444,573.7784548145646,2.2832538098245303,32.140715842133,0.5546203567311314,0.5607616351505714,5.86737956325813,0.16527777789230488,0.48291440105391814
186.73474322200906,124.0085039389858,374.46035438811003,27.30400081460212,32.15571667590208,1.9886796242179374,1.6754008998861094,4.164169030910646,0.7002173853440015,0.7586461814363495
1358.6485750182128,40.25317549185454,505.04378148773213,20.455705257470967,8.793989819332584,13.60396991565048,0.7940868435438384,5.429613857653572,0.5883161484440067,0.4653472222479616
93.67050726911694,82.41465780944633,348.9616554795614,19.55975350600528,20.176173045530952,0.6123924355088108,1.0114962073513099,3.6606243666398406,0.3711874080900662,0.37817805811170235
154.32554565402037,12.732256213644924,12.732252128916624,2.50850216221989,12.732252634069862,1.4264749817310243,0.3197882329885488,0.31978819552129567,0.16666666666760413,0.31978819997089053
119.52325890067061,74.62069711068457,697.5614229869244,38.87354549439042,36.72984126291202,0.568171644610154,0.9085483110795872,7.097475906448041,0.543151102996338,0.522731878452526
261.10878932051344,871.7253702091036,311.8577970565051,0.20332580409123263,0.20332579673125983,2.525291133895257,8.954888609889364,3.2996605982678076,0.13888888895545026,0.1388888888906418
118.9022181433262,14.891727951875733,403.8541605451444,0.4043451383360708,9.892616859678096,1.0071542418296315,0.2945833334320133,4.180795023817436,0.13888889611935648,0.2431250001646531
1676.1606160486963,5.043791234651888,157.18513043371468,34.5663094702986,5.043791705800707,16.68375690271208,0.16388888891706546,1.651658033926663,0.42576419082318606,0.16388889310950536
66.18569520311354,50.61699853691703,155.3915722215211,16.979454417743913,7.145951903118678,0.5830052853068389,0.7571367648461504,1.8179398472452017,0.39636965785236433,0.3000694456065471
89.93468104342676,101.48211809500687,519.6997687439182,101.48211799033368,98.58084797426176,0.7941251475116847,1.2352491150592027,5.416681680683831,1.2352491138488353,1.2352491138361064
1674.3489752612718,905.6694836933743,744.129698243209,343.22700847313763,28.45246911260328,16.93568334483423,9.341760254006077,7.695433781880703,3.645911651197301,0.48701169331358257
67.55402722330516,73.37553065075511,127.41879100558768,54.69733044192722,27.306267584495604,0.4713199919672159,0.8754390537703823,1.423449171980251,0.6932589269651078,0.4049319478573072
119.02784706762564,94.38778285463196,363.4637575328148,2.060802646356095,8.417508429647488e-10,0.8682943126081664,1.2272214403792747,3.9078637384444965,0.2729748688907257,0.2500000000077646
381.2862247297211,514.4551063190153,581.4965422132939,32.05800925080908,5.867632747735829e-09,3.596393054926297,5.426639062636376,6.096768896077122,0.586686270326523,0.2500000000591688
123.10466316759073,79.30340648886462,296.60905485983625,20.490810803252522,23.07623250742051,1.1832953029393316,1.0914366023409543,3.2572089782153544,0.47667346294595475,0.5214595365069244
113.65810770078394,897.0695497421225,509.68723474404936,126.55884094800643,14.842479564103963,0.43050587166037607,9.178006770829748,5.265054093585578,1.3950703183061908,0.25789602226774455
