615.0199424701967,39.499153410275966,101.72285591561942,19.136497157692418,2.0934223180214895,6.092864033855073,6.092864033855073,1.057209747555049,0.2143437500030903,7.529980801437558e-09
465.1431466579818,894.5618530210296,668.7888408927838,20.00899711438533,1.3055089231883699e-09,4.706384639267385,4.706384639267385,6.66260546571329,0.210621022229481,1.3003574464526476e-11
191.7902408779893,1681.6028703299928,1681.6026323788035,1681.6028748908311,1681.6028758288478,1.660286730896291,1.660286730896291,16.826715271334184,16.826717720958825,16.826717730465074
53.809477381495824,19.742798268491686,0.8104232951501646,19.83890633060453,5.304319414256575e-10,0.48128570787793057,0.48128570787793057,1.8520413897970336e-11,0.2375000000004517,6.244892255911036e-12
41.2173443326408,22.562499992315114,22.56249999624342,21.552035791002925,5.295313925991751e-07,0.2429584869155678,0.2429584869155678,0.23750000000735916,0.22639098382411765,4.4104347891977656e-09
17.67086331659564,0.45012188546273507,7.25231488073376,0.21601260027302127,1.1102317253736116e-07,0.0,0.0,0.0,0.0,0.0
20.23344597613447,37.16460913081616,488.6879921617591,-6.186437820354662e-11,9.400618269927996e-10,0.09543798075344119,0.09543798075344119,4.606221219333892,1.8939158933462635e-12,7.533251695272514e-12
32.60834699773697,125.64097693175401,491.48567702625587,19.33554487232247,19.335544872259284,0.3562500001290789,0.3562500001290789,4.740102721702936,0.23750000000632393,0.23750000000475854
656.262626876267,78.35193521841431,341.4108781475754,298.84013407473475,38.37907289973618,6.689143036058339,6.689143036058339,3.350414102033186,3.004907892611888,0.21434375069946046
359.79064284248096,16.707820518293858,16.707820521108566,16.70782051351619,16.707820513200943,3.397565499582194,3.397565499582194,4.3659110712451454e-12,8.77135467132753e-12,4.3705112893692804e-12
875.5948128852831,877.3700670827972,541.0999429453659,405.6558106685648,1.2403192988855172e-06,9.003697655516898,9.003697655516898,5.572604973687624,4.177711738697352,1.2130223734937706e-08
39.61904789031261,18.159919874734413,80.8014768370778,18.159919879568065,7.736292256810273e-08,0.43608540260951745,0.43608540260951745,0.858367999635371,0.22562500006693373,7.264908661088022e-10
64.6879730229396,99.65798748930852,779.573330103503,27.111395368716977,42.008999822849084,0.5814478957974174,0.5814478957974174,7.6132655604319,0.29476255589769024,0.45124999797188253
47.53373721534384,0.45014019397037486,50.9488442641793,2.6232917811682666,1.6609160449765348e-08,0.3759172086589775,0.3759172086589775,0.4631250000022814,0.024350376447706337,1.1132961235517457e-10
315.2845007562131,40.725312499886066,40.72531250075066,18.469837925112127,6.6391602616301455,3.0803642026170626,3.0803642026170626,0.42868750000717587,0.19441934658316556,3.9757307091754256e-11
39.90755156696158,22.33687575468863,79.5974253821985,1.5996921138625046,9.962622254944264e-09,0.27052638042422944,0.27052638042422944,0.7926834178986744,0.01615850620011769,8.229319154605577e-11
14.90282248877019,1683.199973968141,488.9546894001502,139.93555567940453,79.30898295248505,1.838055495100946e-08,1.838055495100946e-08,4.229519672643841,0.6029423123866728,0.46312498788129397
371.8825855691058,13.047945522687193,13.047945512409003,13.047945543453118,13.047945532435802,3.445305096528078,3.445305096528078,1.4433755631104642e-13,3.685407498853008e-10,1.8839919907339597e-10
7.222516438664769,8.666145787095125e-10,5.605282379975863,0.05571391345999884,7.344973685027845e-07,0.062157123153097724,0.062157123153097724,6.961385019715606e-11,2.662018951321785e-10,4.080952878043066e-09
23.478594998261016,4.250728486429947e-08,44.67374999444185,1.7073583201352216,2.1372017003362664e-11,1.0667416092503386e-07,1.0667416092503386e-07,0.45124999994168363,0.017246043577721543,1.0233959773186022e-12
231.450844474573,853.2171971143432,673.6193935576694,1.858783671900487,2.044367229513816e-07,2.329260576324892,2.329260576324892,6.568162909316614,0.01877559264597729,1.6918601537188277e-09
34.64386314830934,43.77125116962384,133.65243108799632,12.294708495380169,21.434375017338873,0.21494017329932272,0.21494017329932272,1.223168447031246,0.12941798389812578,0.22562500007638456
15.485777812658696,1.845447456481908e-08,124.29954068115968,2.1915622233636967e-08,6.453910296476759,0.15169879611356177,0.15169879611356177,1.2555509149142219,1.9238253171609055e-10,2.742935027204808e-10
285.36282580269415,123.82187237159204,733.873064987509,12.180948342418896,-2.454425177408361e-08,2.707840858534123,2.707840858534123,7.052933290850061,0.12467725065251817,1.0455259252489153e-10
29.059300968044493,1.3185924629954826e-08,3.015354492347244e-07,1.9849680232830735e-10,1.2940511960601864e-09,0.2889623728374173,0.2889623728374173,2.8769363584734317e-09,2.3797387110146536e-12,1.1925631703886878e-11
56.94720357455583,46.07500000067407,95.23668146357096,22.562500321140778,22.562499990800188,0.35681604164089087,0.35681604164089087,0.9669826479929025,0.23750000285262732,0.23750000000768634
58.67110513073182,41.672421508462925,48.70738005448451,19.335544876719005,19.33554487208365,0.507444316993764,0.507444316993764,0.533526951994981,0.23750000004460922,0.23750000000234728
33.189756584942224,1828.345945494288,660.3669327978167,9.337360278443963,3.2744576657261053,0.3314539474223536,0.3314539474223536,6.468315206093057,0.09828800287965973,2.0889799681214772e-08
18.16579911100385,0.4501218847365367,0.45012210647167217,1.3161144309459398,5.327034091617833e-10,0.0,0.0,0.0,0.0,0.0
238.64023468946323,100.90254519024924,473.32618287108556,6.713560473050455,-2.251656514972583e-08,2.317147433310021,2.317147433310021,4.586436337314685,0.06780337028851592,1.148258553012488e-12
32.98825784248041,46.07499999719859,240.8656743070394,11.249901072439805,3.226955129319432,0.2313446032953541,0.2313446032953541,2.080234588486083,0.11842001129302039,1.736327282789544e-11
12.446901659809988,3.0163365270508002e-06,1.4153782835414639,9.498851595568514e-08,1.1524357509951066e-09,0.11618801105670812,0.11618801105670812,0.014296749771308171,8.841532512854918e-10,9.336685312503637e-12
249.5792392936813,20.812778114732993,100.20209122170905,6.751146809710965,-2.5534958609380043e-09,2.4358479562296234,2.4358479562296234,1.0071398420571749,0.06826532019634743,8.120856676313738e-11
299.86763189449755,1804.8809454989353,406.490933465598,87.33093655761566,87.3309393378338,2.3125079609590107,2.3125079609590107,3.343965217115581,1.3921897891160883e-08,8.925933451724703e-10
15.805321341244355,1659.4468497237585,540.4371024464906,124.88868862785435,89.00282051407761,8.161170387341664e-09,8.161170387341664e-09,4.751939983154729,0.3777459803154211,1.395275423072367e-11
216.13984801459253,13.047945856980778,595.1419997807761,53.52862717816701,13.047945704285507,1.7868789177299909,1.7868789177299909,5.876836620854549,0.4088957491387156,5.610398398176107e-10
46.494899444404076,21.434375161711493,67.28375002441145,8.952106657536696,3.2744602544873205,0.37971440745295904,0.37971440745295904,0.6887500002356723,0.0942327014573661,5.479148143326634e-08
24.508450885410134,1806.0090703682683,686.3741512681031,2.3445276568182836,1.0450152494179132e-06,0.23750000057415985,0.23750000057415985,6.594444783846594,0.02368209751483259,8.797576389220852e-09
42.534069333260156,1736.16575533311,294.45680777171077,18.371488756539925,11.756066995316193,0.30713842376199063,0.30713842376199063,2.855563014629238,0.06682244920860514,7.237264168304346e-09
481.7473350016587,19.74689948179707,40.10956824939339,20.510609644300548,6.02339887224502,4.8009123156023,4.8009123156023,0.42868765384258184,0.222382852842613,5.916955414096288e-12
609.4279633667301,7.744171743669266e-06,121.48530245476636,0.6858037200011698,2.1045936981567773e-07,6.151022328568677,6.151022328568677,1.2271242672115146,0.00692731025829562,1.977782720338637e-09
288.82738876842217,1760.100914275822,1760.1009322069453,1760.1009140738474,1760.100914640841,2.6771248816957027,2.6771248816957027,17.610031410661456,17.610031248034524,17.610031250381816
255.28190613046968,17.043076125544946,17.043076121797878,17.04307612091111,17.043076143037382,2.611680416765473,2.611680416765473,0.21434375001115988,0.21434374999736364,0.21434374997166772
257.35289559443163,872.1221971142513,356.8871964921209,36.994334212517764,9.820991097965415,2.529815380166175,2.529815380166175,3.6236332976505077,0.38941404434375154,6.350759318957639e-09
115.45634856259767,12.530873653919784,1051.4362296608451,680.3476001624817,12.530866240298264,1.0029847680772395,1.0029847680772395,10.174847825888932,6.330993342066535,8.086392957542614e-09
1.3257947118525146,68.58086531947171,36.13777970015974,0.192402146286676,4.129136533387312e-08,0.0,0.0,0.0,0.0,0.0
21.02483982916164,1641.3734989503953,529.2241152599495,4.337291393571115,4.523370294995388e-08,0.118750000021279,0.118750000021279,5.101436911374164,0.04285778691923586,2.532869376297982e-10
236.92316017329995,850.4621853983556,63.874197961038135,0.36444825900509836,-2.264135570001491e-09,2.3788635983002075,2.3788635983002075,0.6451938887355313,0.0036812955572200017,2.4422564257052935e-12
20.62679059225909,19.335549365339382,19.33554488421956,19.33554485347198,19.335544854211506,0.23750000101542895,0.23750000101542895,0.2375000002496653,0.23750000000036756,0.23750000000189023
33.8633375565787,68.18625034051836,129.6290853010825,0.05868991202779347,2.1946229772709658e-10,0.21745276159784827,0.21745276159784827,1.3033359391491317,2.1257397872683556e-12,2.3134825846849293e-12
