78.35562622705075,26.110404731279285,30.330794617751486,18.72025619735084,0.04799240474247498,0.617084232279223,0.4099620495551141,0.45501714173823576,0.3346879909854367,0.1388888942145577
72.63703868748324,42.360351260753625,622.6791937778943,268.7569899800981,19.727801306592593,0.6693483216515304,0.7006364496868723,6.475915528812529,2.9546224272807904,0.40430555521341055
1380.469773697546,58.771606819627635,375.80374902309575,151.82150040605495,39.2574718432832,13.914627134330432,0.9207071007601925,4.099181100437427,1.856632841532663,0.7044168025357964
148.80079603913296,126.82213325953,245.43756511013788,126.8221332824524,40.26210359722354,1.464344780363998,1.5763520411826726,2.752692245675634,1.5763520414012768,0.6922512021668354
607.6899195352166,125.47283284906732,521.1947783567933,258.7831432970034,4.88854500252752,5.979317278523416,1.5563385247919423,5.48571639337036,2.881708594799026,0.3278472252974344
72.24860408836568,84.49288920439378,84.90983454881845,84.49288965635321,7.238637643191611,0.504062273288416,0.9688105163288008,0.968810525387345,0.9688105211720724,0.1863854166688047
71.57158249418245,176.3724450740977,382.82363961318464,108.3111693544961,16.22560823086203,0.7576350504528547,1.9791184538459357,4.046422258225006,1.2966746224228276,0.36629880073965504
1606.3214622173414,158.4372617789489,585.7955910597252,244.40537084496805,124.28420254451001,16.450961345718238,2.153303119159165,6.3941267886787445,3.0071140676130277,1.7946787370587072
99.4748262714534,10.108758505625335,538.8739189931197,247.3184247083466,3.4710533678050695,0.21265240805416608,0.15979166711032292,5.500853889287835,2.5558488911016957,0.05555556250364146
878.1833920454563,20.618743935994864,223.33574183149312,109.7957783557777,3.2745150813084933e-08,8.769637386572976,0.2879131944509472,2.3181905915991834,1.18188222715866,0.08333333361075936
64.50395860211222,127.0437450041663,240.28879250056522,32.49519252409196,1.6097259198735765,0.6763861224602481,1.6465269838747025,2.7725904589475494,0.6917105879416409,0.3583333640449854
68.5319916354414,74.95662924637287,121.71590521791084,77.92559095590065,28.909483711101032,0.7353647655074522,1.307100181362824,1.7794160993078132,1.3370896936029755,0.7517037419393523
114.7384303336337,66.41321786233031,357.99798744322004,152.5795381492135,1.7911180750768918,0.6208768834883635,0.7931924621832265,3.6904022744352947,1.649505952191832,0.13750000001192778
31.771117493377524,7.151059135851262,257.6006500433909,88.50135670225775,1.83924857920142,0.3168250103880882,0.24194097384607421,2.7517211220052684,1.0603506260113855,0.16666667173483035
1545.3407906318898,120.20901136756332,185.97773514008617,102.89270470081675,34.09909051798718,15.635799887937447,1.5930474453918921,2.2443476701108156,1.420214382231814,0.7229140935138924
158.36172088509994,893.4212755659124,679.1564972530373,373.39748827124777,50.62128329880281,0.9040602174743527,9.136460598971237,6.885040827299538,3.760738352248866,0.6413902926186995
113.45313361017446,153.96621629528755,250.58323350881017,153.96662443462486,27.69991514386541,1.1140528118583732,1.8558718760191384,2.81955335062851,1.8558759416420698,0.5536701900193696
96.92631105640132,55.36488947438713,247.25773925717078,131.34804888288724,16.843496780680617,1.0343154471043143,0.9653285827177231,2.88143244582392,1.7281691148403628,0.38472223492615554
1618.7795245811958,141.8701553328748,309.28087219944814,124.59157590321607,82.7015617666606,16.31408162458872,1.7322149687684103,3.396808184295034,1.5576838574960719,1.1265051586347965
317.0736418553438,156.52524545490286,362.7851311125943,239.00740364279042,1.0159660954159313,2.845532061402715,1.9010128966106778,3.953637557144631,2.7239822363484576,0.2777777792308775
333.86101124423755,24.19851057755715,385.59189442475775,182.2517985059815,19.467551750323715,3.2976383804418954,0.47958008432942956,4.099889926929181,2.0645877254799,0.4281215278564258
926.0804479025314,108.55591115679479,170.0014680587375,112.13443182761709,15.209430832485086,9.080760510874116,1.3401894508794856,1.954164240231582,1.3799502816850848,0.3916850607625685
472.00711320475085,882.3766057668981,407.5983150486024,169.21505659365965,9.425442584370166e-07,4.703078318776757,9.02513253107178,4.229392198545966,1.8227126877685118,0.11111111805772698
618.9926204095492,39.68230279465528,513.7619604416745,228.09369949998944,1.2475412695229229,6.198192555367228,0.5442849082672259,5.2843277621061695,2.42614095439599,0.13888888890660278
49.300323278924665,24.43518770291491,454.9444702962105,171.61938359379047,5.0138905327670855,0.45689540527852807,0.392354174199055,4.740300765128851,1.8790632235062246,0.19166667875424612
79.28811624228909,99.50264003176893,349.41977850456834,179.46016829577852,14.606414723322919,0.7464600332497793,1.288532844017341,3.7702329838068067,2.0825344419148726,0.42819097229328124
70.6498261859652,28.622031877565707,96.70771742976392,50.80252171644979,10.160824454008113,0.6129551240869735,0.528465281568682,1.2161994787314327,0.7525106335612803,0.30138888889455534
50.78947585580288,19.453806050828288,511.78833504851616,219.71268244780822,16.863035326762805,0.30448548278942694,0.34478819444616127,5.248159749069831,2.3433090781236676,0.3183993054327209
73.36120291527793,1652.3056830612,648.8249377520344,174.47793542253888,2.6226693119256117,0.6133492865179936,16.559580954907606,6.45533577478794,1.6522851221878405,0.08194447437169057
1354.2995013378493,891.6052439809861,624.1994255889409,250.78941304814404,4.123269503272619,13.632239638496362,9.320212438814275,6.619143344390155,2.847325257885961,0.304166667615727
84.51876531397768,95.59558373641502,477.24426348951664,226.8879585437579,4.7451494461007915,0.49707037104289487,1.1191515437953636,4.915065529112685,2.4286068979245634,0.19034722487538083
1218.8123025956857,143.25929611985092,413.9364854823284,236.96789624476094,18.064860247142718,12.256916371671405,1.7232346917926844,4.41184674445758,2.654635963247557,0.44956268154210555
54.56605379345834,904.4978389409075,493.0536384087792,231.18830223062196,4.963750013544971,0.6883303694001423,9.448909543533235,5.292907510976322,2.647803107570807,0.35694444466203223
73.35610361017419,39.43064683831953,573.7784671568304,211.8764166772298,4.410735884918848,0.5546203594462136,0.5607616275516469,5.867379674507222,2.281689286405305,0.19034722222567677
190.67643032168544,124.00850389791857,351.43897060385393,203.72837507748812,32.15571865364696,2.0291097291448095,1.6754008994695,3.9357498525496304,2.4701587935386535,0.7586462004248523
1358.6606575233134,35.56103577711761,479.4896000431089,217.26534816990798,6.363345693961081,13.604096238940269,0.7452013534109018,5.176065404907594,2.5734640829696827,0.38750000042415417
93.63478751895701,82.41465794828255,567.921365172381,211.96798973749574,19.559753367203488,0.6111694318181261,1.0114962085774504,5.836351421293821,2.2990866989035643,0.3711874253270621
154.28590631923112,12.73225325861941,12.732254221781744,12.732254908710251,12.732252010238977,1.4260834535706712,0.31978820594248414,0.31978821471626107,0.3197882189717746,0.3197881944392287
119.46606680959384,74.62069687057799,661.1677503070904,295.1934214978688,36.72984126291466,0.5678881668497564,0.9085483084843177,6.737142594712578,3.1059146980273056,0.5227318784525479
261.1086423317981,871.7253699416589,283.47556890937705,88.49000066442356,2.388212790411006,2.5252897045610427,8.954888606734597,3.0129714251293875,1.043420224964471,0.13888890174629334
118.89560912162469,14.89172797529151,249.30912642958748,157.42686051772225,2.3702107293874333,1.0070909204910778,0.29458333366294814,2.6429965223905505,1.728335206068282,0.16527777777780614
1694.3325396850655,0.029904595822953448,213.1094077210102,103.40727883229069,5.043792925985902,16.869340501095234,0.11111113361073142,2.2094286928488014,1.1172410943922482,0.163888903625704
66.18569520317169,50.616998537724186,145.33469520156842,62.24256878392262,0.39138561798426225,0.5830052853073976,0.7571367648163146,1.7172466065258665,0.8770975909953469,0.2222222430361311
90.04720420634919,101.48211808716366,561.3745659442103,231.91706420949438,21.97126817379914,0.795090787571323,1.2352491149270317,5.812361711756961,2.527223016827493,0.4230383694638838
1694.307858637028,905.5052646700126,633.4097778933245,351.61587258988175,40.736481501321975,17.126038437622967,9.339187326405277,6.577050758944777,3.7070887519578686,0.6163171885154464
67.54960460300353,72.93749161426273,199.76715896153934,83.86146442373368,27.306249925469384,0.47131100295349454,0.8729947830605713,2.142777239103666,0.9905308342252621,0.4049317636147347
151.36002393211533,94.3877833126473,381.27575217965665,167.84543374194686,40.90726296842088,1.2037429545724945,1.2272214452704353,4.084735893874542,1.9638187980090576,0.6825084397092297
381.25805214285595,95.03461332819535,550.647253176993,315.35820647458786,27.57328592387501,3.5961046599491637,1.2265674681064538,5.7888386571907855,3.4331622499033805,0.5402451148443822
123.10466316759522,79.30340607701446,307.90755481348606,109.04495975437138,1.5961788179964138,1.1832953029393811,1.0914365983601446,3.3698792517546887,1.3928809124862214,0.27777777784775676
113.65810770078215,897.0695497236238,522.6639861547569,249.9131014292271,0.3112497804011248,0.4305058716603594,9.178006768358818,5.396741534681254,2.6410729299273066,0.11111111113287574
